   n                 ms    
    1000 -    0.00        0.00	       16.00
    2000 -    0.00        0.00	       78.00
    3000 -    0.00       16.00	      234.00
    4000 -    0.00       15.00	      360.00
    5000 -    0.00       15.00	      500.00
    6000 -    0.00       31.00	      735.00
    7000 -    0.00       31.00	      938.00
    8000 -    0.00       31.00	     1156.00
    9000 -    0.00       47.00	     1516.00
   10000 -    0.00       31.00	     1844.00
   20000 -    0.00      110.00	     7281.00
   30000 -    0.00      219.00	
   40000 -    0.00      296.00	
   50000 -    0.00      406.00	
   60000 -    0.00      516.00	
   70000 -    0.00      656.00	
   80000 -    0.00      781.00	
   90000 -    0.00      906.00	
  100000 -    0.00     1047.00	
  200000 -    0.00     2781.00	
  300000 -   47.00     4828.00	
  400000 -  109.00     7250.00	
  500000 -  125.00
  600000 -  141.00
  700000 -  188.00
  800000 -  203.00
  900000 -  265.00
 1000000 -  282.00
 2000000 -  640.00
 3000000 - 1016.00
 4000000 - 1390.00
 5000000 - 1750.00
 6000000 - 2172.00
 7000000 - 2594.00
 8000000 - 3000.00
 9000000 - 3422.00
10000000 - 3828.00
