64

2 11 18
3 12 17 19
4 9 18 20 13
4 10 19 21 14
4 11 20 22 15
4 12 21 23 16
3 13 22 24
2 14 23
3 3 26 19
4 4 25 27 20
6 5 1 17 26 28 21
6 6 2 18 27 29 22
6 7 3 19 28 30 23
6 8 4 20 29 31 24
4 5 21 30 32
3 6 22 31
4 11 2 34 27
6 12 3 1 33 35 28
8 13 4 2 9 25 34 36 29
8 14 5 3 10 26 35 37 30
8 15 6 4 11 27 36 38 31
8 16 7 5 12 28 37 39 32
6 8 6 13 29 38 40
4 7 14 30 39
4 19 10 42 35
6 20 11 9 41 43 36
8 21 12 10 17 33 42 44 37
8 22 13 11 18 34 43 45 38
8 23 14 12 19 35 44 46 39
8 24 15 13 20 36 45 47 40
6 16 14 21 37 46 48
4 15 22 38 47
4 27 18 50 43
6 28 19 17 49 51 44
8 29 20 18 25 41 50 52 45
8 30 21 19 26 42 51 53 46
8 31 22 20 27 43 52 54 47
8 32 23 21 28 44 53 55 48
6 24 22 29 45 54 56
4 23 30 46 55
4 35 26 58 51
6 36 27 25 57 59 52
8 37 28 26 33 49 58 60 53
8 38 29 27 34 50 59 61 54
8 39 30 28 35 51 60 62 55
8 40 31 29 36 52 61 63 56
6 32 30 37 53 62 64
4 31 38 54 63
3 43 34 59
4 44 35 33 60
6 45 36 34 41 57 61
6 46 37 35 42 58 62
6 47 38 36 43 59 63
6 48 39 37 44 60 64
4 40 38 45 61
3 39 46 62
2 51 42
3 52 43 41
4 53 44 42 49
4 54 45 43 50
4 55 46 44 51
4 56 47 45 52
3 48 46 53
2 47 54



32
2 11 18
3 12 17 19
4 9 18 20 13
4 10 19 21 14
4 11 20 22 15
4 12 21 23 16
3 13 22 24
2 14 23
3 3 26 19
4 4 25 27 20
6 5 1 17 26 28 21
6 6 2 18 27 29 22
6 7 3 19 28 30 23
6 8 4 20 29 31 24
4 5 21 30 32
3 6 22 31
3 11 2 27
4 12 3 1 28
6 13 4 2 9 25 29
6 14 5 3 10 26 30
6 15 6 4 11 27 31
6 16 7 5 12 28 32
4 8 6 13 29
3 7 14 30
2 19 10
3 20 11 9
4 21 12 10 17
4 22 13 11 18
4 23 14 12 19
4 24 15 13 20
3 16 14 21
2 15 22











16
2 10 7
3 9 11 8
3 5 10 12
2 6 11
3 3 14 11
4 4 13 15 12
4 1 9 14 16
3 2 10 15
3 7 2 15
4 8 3 1 16
4 4 2 5 13
3 3 6 14
2 11 6
3 12 7 5
3 8 6 9
2 7 10